PNG Signature, 0, 8, 89 50 4E 47 0D 0A 1A 0A
IHDR, -1, -1, 49 48 44 52
PLTE, -1, -1, 50 4C 54 45
IDAT, -1, -1, 49 44 41 54
IEND, -1, -1, 49 45 4E 44
tRNS, -1, -1, 74 52 4E 53
cHRM, -1, -1, 63 48 52 4D
gAMA, -1, -1, 67 41 4D 41
iCCP, -1, -1, 69 43 43 50
sRGB, -1, -1, 73 52 47 42
sBIT, -1, -1, 73 42 49 54
pHYs, -1, -1, 70 48 59 73
hIST, -1, -1, 68 49 53 54
bKGD, -1, -1, 62 4B 47 44
tEXt, -1, -1, 74 45 58 74
zTXt, -1, -1, 7A 54 58 74
iTXt, -1, -1, 69 54 58 74
tIME, -1, -1, 74 49 4D 45
sPLT, -1, -1, 73 50 4C 54
eXIf, -1, -1, 65 58 49 66